-1.53233560216
-2.19053592435
-1.53233560216
-1.94493540538
-2.01559140968
-1.703569767
-1.96860681611
-1.56134502287
-1.96620470551
-1.81272782276
-1.91833601749
-1.78149074434
-1.53233560216
-1.53233560216
-1.53233560216
-2.10629073463
-1.97747227292
-1.91783831213
-1.53233560216
-2.07553245329
-1.53233560216
-1.53233560216
-1.59144759884
-2.01792593556
-1.83623138923
-2.06426645444
-2.01559140968
-1.91783831213
-1.69322759222
-1.53233560216
-2.01792593556
-1.82321062872
-1.86263992968
-1.53233560216
-1.53233560216
-1.53233560216
-1.94083008299
-2.05527714569
-1.53233560216
-2.14861812809
-1.93003945995
-1.96321183796
-1.91600395083
-1.98918212559
-2.02449191055
-2.03975519554
-2.04448214815
-1.99512074561
-1.87645653238
-2.00175707196
-1.84911142653
-1.96115550321
-1.97952936376
-1.96006268643
-1.98394065476
-1.8957777206
-2.06524751081
-2.10065368031
-1.90426400375
-1.96152394852
-1.96001893517
-2.04448214815
-1.99512074561
-2.11045737007
-1.96006268643
-1.95618143481
-1.94654852482
-2.08639069697
-2.0098988511
-2.17047142266
-2.26778152788
-2.09365594141
-1.97217796804
-1.82520334965
-2.15765756976
-1.9263259265
-2.10065368031
-1.9671876241
-1.85989502542
-1.93620758965
-1.9131503931
-2.22966467003
-1.87055984814
-1.93473559482
-1.89733868952
-1.89264426979
-1.89552057579
-1.94573383027
-1.80914544154
-2.05818488786
-1.77543335687
-2.03208253079
-1.90398354117
-1.9426784724
-1.88957236369
-1.85428627129
-1.79123358287
-2.0302556251
-1.78963897638
-2.03702487376
-1.94385899754
-1.93042654205
-1.89741702119
-1.91281719684
-1.70859462106
-1.97921765871
-2.01425775869
-2.05694985498
-1.98572177456
-1.76381139584
-1.88241807406
-2.06928597126
-1.92444798509
-2.03482591063
-1.86164106995
-1.81156745456
-1.82752359358
-1.98144574582
-1.88490871849
-1.79195763658
-1.9497181726
-1.69487845
-1.67222689879
-1.53233560216
-1.70160494109
-1.98535138232
-2.01616620888
-2.0454790431
-1.93189977399
-1.85073160552
-1.8292064983
-1.84105483049
-2.12700014241
-1.99546714568
-2.42173715341
-2.26398742779
-2.30597372248
-2.38239647556
-2.17470952715
-1.86083146994
-1.93248682923
-2.13622915994
-1.31702129303
-1.95369142569
-1.83145536596
-2.21171311801
-1.1688403876
-2.01412953721
-2.01412953721
-1.96545792602
-1.75609274461
-1.87469339671
-1.90282353171
-1.80194387771
-1.98688437716
-2.11207010082
-1.94133334863
-1.99058317566
-2.0623052509
-1.80091437496
-1.71382765497
-1.82120005833
-2.02273836746
-2.0860900381
-2.01898431845
-2.29537087901
-2.0820138961
-2.06751574459
-2.2232290532
-2.06872900594
-1.97916121079
-1.96771163426
-1.99269127222
-2.12137181549
-1.91297133316
-2.14835423643
-2.25746062603
-2.26625991503
-2.29883292076
-1.84911142653
-2.00066932657
-2.13436696365
-2.46332056638
-2.39332661508
-2.27603185521
-2.10002933298
-1.559355359
-1.93110566091
-2.14682335038
-2.10992446699
-1.94788969015
-1.93339293958
-2.00885903212
-1.77797165549
-2.03391777897
-2.12049358182
-1.87167986376
-1.98718119645
-1.96438305688
-1.82056592284
-1.91706060333
-1.72118540683
-1.86077046191
-1.95096064805
-2.43492168989
-2.41597412188
-2.2274498119
-2.11524215523
-2.43935439237
-1.94293082471
-1.8799529469
-2.14519116314
-2.01678219771
-2.13726630159
-1.97880938726
-2.08082395637
-1.7305354703
-1.83568407566
-2.02233389384
-1.87020242155
-1.94025051752
-1.96644120182
-2.1940994865
-1.6944441489
-1.69466764653
-1.86206043919
-1.92205342221
-1.84664512181
-1.7054281527
-2.01261498295
-2.25437145589
-1.98458800766
-1.87271707556
-1.91139757486
