-1.94364289485
-4.3976514209
-1.94364289485
-1.79410908721
-2.64701805221
-2.02588369998
-2.56620105451
-1.51918725703
-2.69244542893
-2.96421585847
-3.9696948159
-1.34111594383
-1.94364289485
-1.94364289485
-1.94364289485
-3.14180706773
-2.58877277844
-2.98267915809
-1.94364289485
-3.43337556852
-1.94364289485
-1.94364289485
-3.67389015168
-2.13059570055
-2.85352366675
-1.40155613909
-2.64701805221
-2.98267915809
-1.64281567148
-1.94364289485
-2.13059570055
-4.16752652118
-2.99905830811
-1.94364289485
-1.94364289485
-1.94364289485
-2.20046742326
-4.10721860104
-1.94364289485
-3.65344288532
-2.40674093779
-1.81301287503
-0.424035608699
-1.76589605481
-1.00645196018
-2.14285675794
-1.68332693471
-2.34216179661
-1.16226332722
-2.0761722594
-1.93046441682
-1.52080722112
-1.67581640639
-1.38598314756
-0.718380822375
-2.15966821982
-2.37183652616
-1.65616362925
-2.03234851182
-2.55812005046
-1.69934580003
-1.68332693471
-2.34216179661
-2.88053437312
-1.38598314756
-1.51282993708
-1.7184696205
-1.90921510157
-1.8217978589
-3.3358404806
-3.46906949883
-3.74118608293
-0.882049906213
-2.2682969369
-2.48593142004
-1.10501878781
-1.65616362925
-1.30930745014
-2.35747108246
-1.55937417413
-1.89400963086
-5.76610951639
-1.32854424106
-1.68142612541
-2.46415490439
-3.26964308834
-3.12284853253
-2.62848811504
-3.94865759787
-3.16446274844
-2.56973077834
-3.78510186018
-2.58859964139
-2.82395815085
-3.22400913427
-1.80352998113
-2.64297796302
-1.71424974246
-3.11248891953
-2.60173539108
-3.20176237745
-2.12313719665
-2.12322966517
-2.15392831152
-2.22899170798
-2.5029018392
-2.67034162915
-2.9107716955
-2.16254697503
-2.17901110719
-3.42842171455
-2.96583128639
-2.58059489166
-3.04501815264
-2.78353296739
-3.05888390549
-2.06755843156
-4.0350916706
-2.03162393745
-2.63074471237
-2.52134428237
-3.37070515565
-1.21493383271
-1.94364289485
-1.95694630202
-3.57410970924
-3.10929409932
-3.31039275564
-2.51573704109
-1.22231308731
-1.82892970984
-1.83507493543
-2.51570591822
-2.82176148599
-4.35574922098
-3.38310640855
-3.36473935295
-4.05212300838
-3.72860047001
-2.78197976157
-3.86215211335
-2.92751791972
-2.36472231852
-2.3991761858
-2.52288073946
-3.28934365715
-1.74873283975
-2.28590037681
-2.28590037681
-2.29974204324
-1.75879738678
-1.2162498418
-3.3245242272
-2.65128387102
-2.81716022177
-2.38459695766
-2.33451825361
-2.81902294493
-2.63352229706
-3.02502118021
-2.02426958137
-2.27587114895
-2.7003503813
-3.15504842012
-2.55318416335
-4.49077790294
-2.8631268999
-1.91311517391
-4.57228472962
-2.69909959327
-2.80647481845
-2.69795235822
-3.4152324756
-2.76989048171
-2.69812778473
-2.74151378975
-4.46420016433
-3.48282131352
-3.51841809348
-1.93046441682
-2.65399006424
-4.23921766538
-4.24567219467
-3.92739656915
-4.66044613989
-4.03684468107
-3.52448909858
-4.11878385728
-3.51828563566
-3.15529878053
-2.59694825816
-3.47436674712
-3.38262432666
-3.28077278173
-1.45964167239
-2.63938564704
-2.78489094506
-2.29914055321
-2.26359085317
-2.08286693792
-2.96801405665
-2.54263150862
-2.04175792285
-2.78771305553
-4.70419999019
-4.48850222681
-3.83838655755
-2.73698390359
-4.85584780026
-2.58563374958
-1.26535668221
-3.84258277824
-2.69164882056
-2.57100098725
-3.61357415266
-2.95974891294
-3.06128796083
-2.41199589314
-3.49730868382
-2.3827801925
-2.21715775138
-2.08723561277
-4.2388919968
-2.2848052481
-1.2577857727
-2.08404436795
-3.02776353898
-2.45011681867
-2.72872564947
-1.74812578631
-2.33080851602
-2.72998448108
-2.61442459621
-2.14880647126
