-1.90409022141
-2.69809657536
-1.90409022141
-2.01746919369
-2.01933409779
-1.84873622785
-2.03457966458
-1.97614332746
-2.20769786994
-2.12944980707
-2.04989224951
-1.80332951976
-1.90409022141
-1.90409022141
-1.90409022141
-2.27396761547
-2.1538732581
-1.92222740791
-1.90409022141
-2.1066084865
-1.90409022141
-1.90409022141
-2.53075422132
-1.71978493008
-2.140147592
-2.09265980663
-2.01933409779
-1.92222740791
-1.92566961792
-1.90409022141
-1.71978493008
-2.30963520943
-1.99509305334
-1.90409022141
-1.90409022141
-1.90409022141
-2.03714263022
-2.08036302611
-1.90409022141
-2.22544437156
-1.84372493174
-1.97108493209
-2.23196728163
-2.09121469267
-2.16895733606
-2.28524534974
-1.97224984649
-2.27159295021
-2.10795687318
-2.20688362096
-1.87708867171
-2.07151195601
-2.29980622081
-1.98882423298
-2.26530276947
-2.11599870039
-2.03144668415
-2.20196010432
-2.06311781739
-2.06668354749
-2.25582197915
-1.97224984649
-2.27159295021
-2.19427110242
-1.98882423298
-2.25607688421
-2.19675707681
-2.07928171973
-2.0149715644
-2.15868034348
-2.27296698892
-2.2151442068
-2.01836362206
-2.12245870743
-2.43605560633
-2.07571640476
-2.20196010432
-2.1357574384
-2.11529581461
-2.0312965609
-1.97898641019
-2.79186612752
-1.94619595435
-2.13311069961
-2.05455624936
-1.92567609182
-1.87282250876
-1.81080729982
-1.72036392327
-1.83858700515
-1.78602854344
-2.092916886
-1.9290911071
-1.730712832
-1.83466016991
-1.64667230918
-1.55004741581
-2.14049232832
-1.78629010142
-2.18602863394
-1.8777441313
-2.09690054921
-2.02942878739
-1.68838980867
-1.77428704547
-1.9322075097
-1.96370111984
-2.16833946751
-2.00631248906
-1.89425953919
-1.80864445429
-2.06296568189
-1.7436432041
-2.08099267886
-1.82507115667
-1.81054492772
-1.33247898508
-1.93264979786
-1.93996184322
-1.81768470057
-1.92308237274
-1.51674028956
-1.75256611711
-1.90409022141
-1.66756600696
-2.14861228065
-2.15024472251
-1.80248661032
-2.07209463437
-1.97195210437
-1.94954146349
-1.94928175162
-2.22874486194
-2.04611559698
-2.60118974219
-2.32717763181
-2.21300193051
-2.61743547187
-2.0993644781
-1.82437232288
-1.97415420099
-2.10699137011
-1.69433152133
-2.17666328564
-1.8684445451
-2.30063968352
-1.73954863422
-2.20756314692
-2.20756314692
-2.09210815431
-1.94020902183
-1.99290175974
-1.66766648359
-1.87660583005
-2.08573033594
-2.29681391578
-2.43024093097
-1.95765376233
-2.23613734536
-1.80813412159
-1.98641376128
-1.65840904467
-2.22484907318
-2.20359432708
-2.04361150238
-2.46491186797
-2.19400019272
-1.96796733104
-2.14810280686
-2.15539833754
-2.19495122617
-2.00440628986
-1.86105883663
-2.13794675901
-2.13692077685
-2.3395926527
-2.46901533113
-2.25828060538
-2.11905552137
-1.87708867171
-2.42124365084
-2.50221166324
-2.28911688697
-2.63224972843
-2.30188697315
-1.83898240678
-1.64063053372
-2.03429411746
-2.22635069681
-2.32211198313
-1.58819543428
-1.98298314226
-2.05740663216
-1.83884110348
-2.12730495541
-2.2908393546
-1.98539292359
-2.16066998688
-2.12490771528
-2.00463551785
-2.12244437394
-1.53171354334
-1.98498170713
-1.8651591894
-2.71149107414
-2.18765512446
-2.58514472671
-2.25320336033
-2.09821929897
-1.9793793955
-1.94118345494
-2.52256885258
-2.29876082455
-2.08034674165
-1.79958963719
-2.2590613713
-1.68220447548
-1.52564504725
-2.09809622943
-2.31261997728
-2.08644048901
-2.08758984781
-2.50323706086
-1.70392476345
-2.07089926778
-1.83131066993
-1.91084992722
-1.85638858255
-1.76872944636
-1.91197411013
-2.44850647876
-2.10077744226
-1.95339545292
-1.84612242061
