-1.64751972627
-3.87160142102
-1.64751972627
-2.0486063412
-1.64973059119
-1.76561296049
-2.43283218166
-1.63445175419
-1.64751972627
-2.35318214112
-1.656498487
-1.64751972627
-1.64751972627
-1.64751972627
-1.64751972627
-1.63329745221
-1.64751972627
-1.93991467571
-1.64751972627
-1.64751972627
-1.64751972627
-1.64751972627
-2.08188640886
-1.66896233523
-1.67743642738
-1.7607220664
-1.64931094481
-1.79674438912
-1.68028783824
-1.64751972627
-1.66608354637
-1.64751972627
-1.65258977904
-1.64751972627
-1.64751972627
-1.64751972627
-1.59829065951
-1.71805841575
-1.64751972627
-1.64751972627
-1.64751972627
-1.8347518698
-1.8347518698
-1.64751972627
-1.64751972627
-1.64751972627
-2.98410678873
-1.64751972627
-1.64751972627
-3.34766371615
-1.64751972627
-4.07369667303
-1.64751972627
-1.64751972627
-1.64751972627
-1.64751972627
-1.64751972627
-1.64751972627
-1.64751972627
-1.64751972627
-1.64751972627
-2.98410678873
-1.64751972627
-2.74628747831
-1.64751972627
-2.81298190572
-1.64751972627
-1.64751972627
-1.64751972627
-1.64751972627
-1.64751972627
-1.8347518698
-1.64751972627
-1.64603454369
-1.64648709046
-1.64751972627
-1.64751972627
-1.64751972627
-1.64751972627
-1.76220288802
-2.26009903249
-1.64751972627
-1.76534741407
-1.64751972627
-1.69162223609
-1.68722462965
-1.64751972627
-1.64751972627
-3.14688586227
-2.30411931549
-1.71478038997
-1.72868487843
-1.67749579192
-1.73535388459
-1.79202792502
-1.72768822996
-1.71632135849
-1.64751972627
-1.78856874196
-1.91375539838
-2.08362360787
-1.8347518698
-2.81298190572
-1.74295575973
-2.43283218166
-1.64751972627
-1.67987540545
-1.64751972627
-1.84454844472
-1.64751972627
-1.68844995403
-1.64751972627
-1.64751972627
-1.95150662165
-4.07369667303
-1.65099694633
-1.64751972627
-4.07369667303
-1.8347518698
-1.74236027573
-3.02366884372
-1.65742371292
-1.79891677975
-1.64751972627
-1.66177952964
-1.94053733033
-1.64751972627
-3.07228757338
-1.64751972627
-1.8347518698
-1.89879028758
-2.39421752089
-1.64751972627
-1.64751972627
-1.64751972627
-1.8347518698
-1.64751972627
-1.64751972627
-1.64751972627
-1.64751972627
-2.06939734874
-1.64751972627
-1.64435056971
-2.09975169581
-1.64144894129
-1.64751972627
-1.63006199049
-2.45128184262
-1.64751972627
-1.64751972627
-1.64751972627
-3.90813479804
-2.52112867347
-1.64694762795
-1.99935061995
-1.64751972627
-1.64751972627
-1.94699824892
-1.8347518698
-1.64408318347
-1.64751972627
-1.64751972627
-1.64751972627
-1.7727532484
-1.8347518698
-1.64751972627
-1.64751972627
-1.64751972627
-1.76933420246
-1.64751972627
-1.64751972627
-1.73828117069
-1.8347518698
-1.64751972627
-3.38487683003
-2.31933775048
-1.9468730808
-1.64751972627
-1.64751972627
-1.64751972627
-1.64751972627
-1.64751972627
-1.6844428695
-1.64751972627
-2.37757832342
-1.99255561254
-1.67457495092
-1.65651265469
-1.64751972627
-1.64751972627
-1.74507007686
-1.81060871914
-1.64751972627
-1.64751972627
-1.8347518698
-1.64751972627
-1.78189817986
-1.64751972627
-2.54042125684
-1.64751972627
-1.8347518698
-2.05524451466
-1.64751972627
-1.64751972627
-1.64751972627
-1.64751972627
-3.69772617529
-2.71807081969
-3.66299045604
-2.25550596696
-3.08590264443
-1.64751972627
-2.76406555636
-1.64751972627
-1.8347518698
-1.64751972627
-1.64751972627
-1.62671204353
-1.64751972627
-1.87642565478
-1.6515659506
-1.61578466819
-1.64751972627
-1.64751972627
-1.73785941716
-1.74770597941
-1.8357996273
-1.6308486339
-1.63720686724
-1.64751972627
-1.64751972627
-1.64751972627
-1.73898869941
-1.64751972627
