-1.71235960309
-1.71150416332
-1.71235960309
-1.63372345917
-1.71320522049
-1.70189596157
-1.68769680571
-1.71472190514
-1.71235960309
-1.79770984866
-1.7133672054
-1.71235960309
-1.71235960309
-1.71235960309
-1.71235960309
-1.69799102003
-1.71235960309
-1.70759156147
-1.71235960309
-1.71235960309
-1.71235960309
-1.71235960309
-1.74687565444
-1.76374706879
-1.86699825683
-1.75255788057
-1.71328082872
-1.69527431372
-1.71290257324
-1.71235960309
-1.75878163187
-1.71235960309
-1.72279197648
-1.71235960309
-1.71235960309
-1.71235960309
-1.75078050767
-1.7075390744
-1.71235960309
-1.71235960309
-1.71235960309
-2.53693061835
-2.53693061835
-1.71235960309
-1.71235960309
-1.71235960309
-1.43688513412
-1.71235960309
-1.71235960309
-1.65256696894
-1.71235960309
-1.31318584466
-1.71235960309
-1.71235960309
-1.71235960309
-1.71235960309
-1.71235960309
-1.71235960309
-1.71235960309
-1.71235960309
-1.71235960309
-1.43688513412
-1.71235960309
-1.75757627132
-1.71235960309
-2.5362737226
-1.71235960309
-1.71235960309
-1.71235960309
-1.71235960309
-1.71235960309
-2.53693061835
-1.71235960309
-2.03739714063
-1.71185512958
-1.71235960309
-1.71235960309
-1.71235960309
-1.71235960309
-1.73802645168
-1.29073620226
-1.71235960309
-1.16694356315
-1.71235960309
-1.51809826547
-1.72791069835
-1.71235960309
-1.71235960309
-1.58211424162
-1.69672652133
-1.69739215322
-1.76407392563
-1.50393378967
-1.72743543302
-1.71816453654
-1.70477410938
-1.71269973065
-1.71235960309
-1.69724251776
-1.7210813679
-1.20433475483
-2.53693061835
-2.5362737226
-1.72915041394
-1.68769680571
-1.71235960309
-1.72407947068
-1.71235960309
-1.40448454662
-1.71235960309
-1.73067639019
-1.71235960309
-1.71235960309
-1.74411995476
-1.31318584466
-1.71077908573
-1.71235960309
-1.31318584466
-2.53693061835
-1.70701631376
-1.68879151903
-1.71193030597
-1.77857601631
-1.71235960309
-1.70540511418
-1.73118253781
-1.71235960309
-1.44119007097
-1.71235960309
-2.53693061835
-1.72256347255
-1.50863219057
-1.71235960309
-1.71235960309
-1.71235960309
-2.53693061835
-1.71235960309
-1.71235960309
-1.71235960309
-1.71235960309
-1.7218657982
-1.71235960309
-1.71440904565
-1.71056569914
-1.66546517771
-1.71235960309
-1.71579054816
-1.72364633356
-1.71235960309
-1.71235960309
-1.71235960309
-1.4561513675
-1.69101917225
-1.70564999478
-1.87269244181
-1.71235960309
-1.71235960309
-1.68675727855
-2.53693061835
-1.74083260812
-1.71235960309
-1.71235960309
-1.71235960309
-1.30038887443
-2.53693061835
-1.71235960309
-1.71235960309
-1.71235960309
-1.74861152477
-1.71235960309
-1.71235960309
-1.71719661547
-2.53693061835
-1.71235960309
-1.79511002632
-1.82314112561
-1.72857973018
-1.71235960309
-1.71235960309
-1.71235960309
-1.71235960309
-1.71235960309
-1.7379811336
-1.71235960309
-1.78569505607
-1.74444292577
-1.73125973414
-1.70106676726
-1.71235960309
-1.71235960309
-1.6875937964
-1.74355174634
-1.71235960309
-1.71235960309
-2.53693061835
-1.71235960309
-1.71962182004
-1.71235960309
-2.53686711085
-1.71235960309
-2.53693061835
-1.76718536207
-1.71235960309
-1.71235960309
-1.71235960309
-1.71235960309
-1.75356033003
-1.75682891914
-1.68217445269
-1.92013948726
-1.22601694951
-1.71235960309
-1.80130825486
-1.71235960309
-2.53693061835
-1.71235960309
-1.71235960309
-1.7397792835
-1.71235960309
-1.75830801091
-1.73284685508
-1.71229838061
-1.71235960309
-1.71235960309
-0.531977866872
-1.71209635733
-1.71531563869
-1.70352561857
-1.71751151333
-1.71235960309
-1.71235960309
-1.71235960309
-1.71936526954
-1.71235960309
