-2.45315979089
-2.45309548995
-2.45315979089
-2.44770197716
-2.44857263953
-2.44378269848
-2.5291139976
-2.45410517235
-2.45315979089
-2.46776180898
-2.45321981034
-2.45315979089
-2.45315979089
-2.45315979089
-2.45315979089
-2.45519465529
-2.45315979089
-2.44852032436
-2.45315979089
-2.45315979089
-2.45315979089
-2.45315979089
-2.44261062599
-2.44205206664
-2.43078813385
-2.42662036829
-2.44818261467
-2.45374417766
-2.45263263295
-2.45315979089
-2.44207413248
-2.45315979089
-2.45436389743
-2.45315979089
-2.45315979089
-2.45315979089
-2.42574241966
-2.45552892482
-2.45315979089
-2.45315979089
-2.45315979089
-2.38449368356
-2.38449368356
-2.45315979089
-2.45315979089
-2.45315979089
-2.37049201159
-2.45315979089
-2.45315979089
-2.33168687682
-2.45315979089
-2.30866025018
-2.45315979089
-2.45315979089
-2.45315979089
-2.45315979089
-2.45315979089
-2.45315979089
-2.45315979089
-2.45315979089
-2.45315979089
-2.37049201159
-2.45315979089
-2.37394737249
-2.45315979089
-2.45331920688
-2.45315979089
-2.45315979089
-2.45315979089
-2.45315979089
-2.45315979089
-2.38449368356
-2.45315979089
-2.42905358391
-2.44987646468
-2.45315979089
-2.45315979089
-2.45315979089
-2.45315979089
-2.45529828595
-2.4073374454
-2.45315979089
-2.39559401657
-2.45315979089
-2.42124528866
-2.45417869479
-2.45315979089
-2.45315979089
-2.41196760106
-2.42152855142
-2.44969598116
-2.44769852541
-2.42145643439
-2.4500254569
-2.45490614874
-2.44601226279
-2.44995046885
-2.45315979089
-2.45068414642
-2.4570185723
-2.39479235384
-2.38449368356
-2.45331920688
-2.45418828289
-2.5291139976
-2.45315979089
-2.45205470854
-2.45315979089
-2.39989133145
-2.45315979089
-2.44885460554
-2.45315979089
-2.45315979089
-2.44361979994
-2.30866025018
-2.45235223623
-2.45315979089
-2.30866025018
-2.38449368356
-2.45211252676
-2.4370897198
-2.45345175467
-2.44587729147
-2.45315979089
-2.45058477066
-2.44511816112
-2.45315979089
-2.36411411736
-2.45315979089
-2.38449368356
-2.43772944728
-2.43407242048
-2.45315979089
-2.45315979089
-2.45315979089
-2.38449368356
-2.45315979089
-2.45315979089
-2.45315979089
-2.45315979089
-2.4401205282
-2.45315979089
-2.45436199584
-2.42411131078
-2.44201992193
-2.45315979089
-2.45492748646
-2.44130840278
-2.45315979089
-2.45315979089
-2.45315979089
-2.36098997189
-2.43594121455
-2.45434234701
-2.43974357509
-2.45315979089
-2.45315979089
-2.44380578292
-2.38449368356
-2.4531622069
-2.45315979089
-2.45315979089
-2.45315979089
-2.39438277142
-2.38449368356
-2.45315979089
-2.45315979089
-2.45315979089
-2.44513115884
-2.45315979089
-2.45315979089
-2.44274103359
-2.38449368356
-2.45315979089
-2.43204888869
-2.43156107037
-2.4167466422
-2.45315979089
-2.45315979089
-2.45315979089
-2.45315979089
-2.45315979089
-2.45511852176
-2.45315979089
-2.45058529228
-2.45198146562
-2.45588173803
-2.45285912645
-2.45315979089
-2.45315979089
-2.4488239648
-2.44925626775
-2.45315979089
-2.45315979089
-2.38449368356
-2.45315979089
-2.44913731908
-2.45315979089
-2.43500485326
-2.45315979089
-2.38449368356
-2.45311868164
-2.45315979089
-2.45315979089
-2.45315979089
-2.45315979089
-2.44652019947
-2.42470535645
-2.43971292927
-2.48765385958
-2.39935623956
-2.45315979089
-2.44286515146
-2.45315979089
-2.38449368356
-2.45315979089
-2.45315979089
-2.45313790752
-2.45315979089
-2.44162587687
-2.45602827247
-2.45555066655
-2.45315979089
-2.45315979089
-2.29561579667
-2.44810039849
-2.44350850627
-2.45560978072
-2.45480615582
-2.45315979089
-2.45315979089
-2.45315979089
-2.45072641365
-2.45315979089
